Mtx:
1087.95 0.00 674.27
0.00 1010.77 321.01
0.00 0.00 1.00

Rvecs:
[array([[-0.08902727],
       [-0.065472  ],
       [-0.00213849]]), array([[ 0.0450751 ],
       [-0.29300877],
       [ 0.06582894]]), array([[-0.03529645],
       [-0.12266034],
       [ 0.03010104]]), array([[-0.00385294],
       [-0.17106471],
       [ 0.01248593]]), array([[ 0.05555177],
       [ 0.04193207],
       [-0.0001666 ]]), array([[ 0.54038365],
       [ 0.03955947],
       [-0.00422665]]), array([[ 0.18547445],
       [-0.02141037],
       [-0.01322977]]), array([[ 0.04439021],
       [-0.05293169],
       [-0.02704638]]), array([[ 0.06758787],
       [ 0.32311832],
       [-0.09948103]]), array([[ 0.14607061],
       [ 0.57715386],
       [-0.08962701]]), array([[0.4279726 ],
       [0.10642123],
       [0.00159   ]]), array([[-0.12088728],
       [ 0.04064548],
       [-0.0339204 ]]), array([[ 0.08450643],
       [-0.27232163],
       [ 0.02479131]]), array([[ 0.04562918],
       [-0.18243672],
       [ 0.02856107]]), array([[ 0.2305323 ],
       [-0.13459375],
       [ 0.00414607]]), array([[ 0.21490647],
       [ 0.09680748],
       [-0.00686087]]), array([[0.29372828],
       [0.11382944],
       [0.02683721]])]
Tvecs:
[array([[-0.56720179],
       [-0.60626336],
       [ 2.30004737]]), array([[-0.58799693],
       [-0.78947371],
       [ 2.73840807]]), array([[-0.10063332],
       [-0.61907484],
       [ 2.31032448]]), array([[ 0.38709266],
       [-0.56491563],
       [ 2.43553185]]), array([[-0.32741643],
       [-0.44719992],
       [ 1.69332765]]), array([[-0.27970111],
       [-0.44348648],
       [ 1.57570341]]), array([[-0.504868  ],
       [-0.47462853],
       [ 1.71255069]]), array([[-0.61261627],
       [-0.59303137],
       [ 1.96311701]]), array([[-0.40095743],
       [-0.56741603],
       [ 2.43354405]]), array([[-0.09797221],
       [-0.49612122],
       [ 2.32831696]]), array([[-0.27853838],
       [-0.55150145],
       [ 2.30888605]]), array([[-0.29430743],
       [-0.0857175 ],
       [ 2.60094424]]), array([[ 0.07793523],
       [-0.34220803],
       [ 2.68208832]]), array([[-0.15833982],
       [-0.32703863],
       [ 2.7068947 ]]), array([[ 0.14090619],
       [-0.23808601],
       [ 2.64868779]]), array([[-0.26512891],
       [-0.09615906],
       [ 2.62495145]]), array([[-0.29742207],
       [-1.00739817],
       [ 3.61365815]])]
Dist:
-0.12 -0.85 -0.02 0.02 3.72
